1645130467.9843197 0.10579442977905273 1
1645130468.0901608 0.13315868377685547 1
1645130468.2233498 0.19212651252746582 1
1645130468.4155028 0.13604521751403809 1
1645130468.551576 0.1949622631072998 1
1645130473.7501311 0.09992218017578125 1
1645130473.8500838 0.19281744956970215 1
1645130474.0429287 0.2738935947418213 1
1645130474.3168564 0.6958358287811279 1
1645130475.0127375 0.8361997604370117 1
1645130480.8706598 0.4615628719329834 1
1645130481.33246 0.43197035789489746 1
1645130481.764476 0.44518542289733887 1
1645130482.2097557 0.2276618480682373 1
1645130482.4374468 0.3460414409637451 1
1645130487.7896507 0.35387539863586426 1
1645130488.143568 0.38010573387145996 1
1645130488.5237787 0.33386850357055664 1
1645130488.8576794 0.24210023880004883 1
1645130489.099814 0.4644615650177002 1
1645130494.5704062 0.3136317729949951 1
1645130494.8840656 0.30025649070739746 1
1645130495.184371 0.36023831367492676 1
1645130495.5446382 0.33031582832336426 1
1645130495.874983 0.47725391387939453 1
1645130501.358507 0.33830976486206055 1
1645130501.6968498 0.45449399948120117 1
1645130502.1513755 0.4391331672668457 1
1645130502.5905342 0.6996123790740967 1
1645130503.2901788 0.4548635482788086 1
1645130508.7498498 0.9559402465820312 1
1645130509.7058299 0.8203463554382324 1
1645130510.5262039 0.6163938045501709 1
1645130511.1426272 0.572627067565918 1
1645130511.7152817 0.6170876026153564 1
1645130517.3399024 1.2108519077301025 1
1645130518.5507855 1.131073236465454 1
1645130519.6818886 1.0799236297607422 1
1645130520.7618394 0.7694530487060547 1
1645130521.5313246 1.0588090419769287 1
1645130527.5952556 3.5495681762695312 1
1645130531.1448555 2.3422117233276367 1
1645130533.4870994 2.690727710723877 1
1645130536.1778605 2.7491703033447266 1
1645130538.9270613 1.8552327156066895 1
1645130545.7939656 2.085259437561035 1
1645130547.8792531 2.806806802749634 1
1645130550.686089 1.5871081352233887 1
1645130552.2732267 1.5139737129211426 1
1645130553.7872295 2.7250735759735107 1
1645130561.5138383 1.6923565864562988 1
1645130563.2062256 1.8227331638336182 1
1645130565.0289867 1.749300479888916 1
1645130566.7783203 3.422654628753662 1
1645130570.2010086 5 0
1645130580.209789 5 0
1645130585.2140906 5 0
1645130590.2186222 5 0
1645130595.2229087 5 0
1645130600.2263422 6.873770236968994 1
1645130612.1020114 2.142887592315674 1
1645130614.2449293 5.896044015884399 1
1645130620.141013 5 0
