1645130264.483619 0.1447618007659912 1
1645130264.6284266 0.20992016792297363 1
1645130264.8383744 0.21640920639038086 1
1645130265.0548098 0.2291266918182373 1
1645130265.283969 0.24155306816101074 1
1645130270.530092 0.2542555332183838 1
1645130270.7843816 0.3080558776855469 1
1645130271.092469 0.31316709518432617 1
1645130271.4056659 0.3154594898223877 1
1645130271.7211564 0.33408355712890625 1
1645130277.0579093 0.5245101451873779 1
1645130277.582451 0.6034896373748779 1
1645130278.1859722 0.6165165901184082 1
1645130278.8025222 0.6922876834869385 1
1645130279.4948406 0.701690673828125 1
1645130285.1979034 0.8978385925292969 1
1645130286.095774 1.2469089031219482 1
1645130287.3427124 1.3052310943603516 1
1645130288.647977 1.2935681343078613 1
1645130289.9415731 1.4135324954986572 1
1645130296.3584569 4.032938241958618 1
1645130300.3914268 1.4233241081237793 1
1645130301.814782 1.1333119869232178 1
1645130302.948125 0.7845616340637207 1
1645130303.732712 0.7654781341552734 1
1645130309.5023956 1.5340094566345215 1
1645130311.0364366 2.0667636394500732 1
1645130313.1032307 2.808073043823242 1
1645130315.911335 2.8654568195343018 1
1645130318.776822 3.029757261276245 1
1645130326.808366 1.0754847526550293 1
1645130327.8838835 1.883854866027832 1
1645130329.767765 2.9298884868621826 1
1645130332.6976864 3.4039740562438965 1
1645130336.1016924 4.374860048294067 1
1645130345.4786925 2.7616748809814453 1
1645130348.240413 5 0
1645130353.3129025 5 0
1645130358.3181155 5 0
1645130363.322139 5 0
1645130373.3337994 2.903249502182007 1
1645130376.2370813 3.861042022705078 1
1645130380.0981596 4.465787410736084 1
1645130384.56398 4.690722703933716 1
