1645130284.55741 0.36809849739074707 1
1645130284.9255617 0.5379655361175537 1
1645130285.463552 0.9357414245605469 1
1645130286.399323 1.2648801803588867 1
1645130287.664259 1.3672316074371338 1
1645130289.031569 1.4092657566070557 1
1645130290.4408646 1.3955042362213135 1
1645130291.8363986 1.7886607646942139 1
1645130293.6251082 2.26507568359375 1
1645130295.8902304 4.13584566116333 1
1645130305.0306206 0.6327917575836182 1
1645130305.6634474 0.7281715869903564 1
1645130306.3916497 0.9095470905303955 1
1645130307.3012276 1.047412395477295 1
1645130308.348672 1.1547996997833252 1
1645130309.5035043 1.8337664604187012 1
1645130311.337303 2.5037388801574707 1
1645130313.841074 2.2677438259124756 1
1645130316.108851 3.6162426471710205 1
1645130319.725128 2.353804588317871 1
1645130327.0915706 1.314356803894043 1
1645130328.4059646 2.45347261428833 1
1645130330.859469 2.8209025859832764 1
1645130333.680406 3.6618430614471436 1
1645130337.342327 4.382812261581421 1
1645130341.725171 2.2553234100341797 1
1645130343.9805267 3.2369911670684814 1
1645130347.2175527 5 0
1645130357.0144427 5 0
1645130362.021396 5 0
1645130372.0314274 3.198338031768799 1
1645130375.2297997 3.074160099029541 1
1645130378.3039997 4.2656569480896 1
1645130382.5696914 5.414426803588867 1
