1645129646.972749 3.224346399307251 1
1645129650.1971436 2.7623603343963623 1
1645129652.9595358 1.8954026699066162 1
1645129654.8549724 2.9959423542022705 1
1645129657.8509457 4.218262434005737 1
1645129662.069241 4.304937362670898 1
1645129666.3742101 2.3591673374176025 1
1645129668.7334116 3.5805962085723877 1
1645129672.3140407 2.5863089561462402 1
1645129674.9003835 3.8489294052124023 1
1645129679.7499037 3.687764883041382 1
1645129683.4377003 5 0
1645129692.8546145 5 0
1645129697.8701923 5 0
1645129702.8742738 5 0
